   1       37.526923194733   3.625059
   2       21.651882654585   3.075092
   3       10.306048193046   2.332731
   4        4.770919729114   1.562539
   5        2.194400204853   0.785909
   6        1.027045654466   0.026686
   7        0.499565748930   -0.694016
   8        0.254509301527   -1.368418
   9        0.134758618335   -2.004270
  10        0.073088771713   -2.616081
  11        0.040110988982   -3.216105
  12        0.022113465345   -3.811569
  13        0.012205820549   -4.405842
  14        0.006736473615   -5.000219
  15        0.003716115099   -5.595076
  16        0.002048894436   -6.190455
  17        0.001129146683   -6.786293
  18        0.000622033310   -7.382517
  19        0.000342559398   -7.979065
  20        0.000188597522   -8.575895
  21        0.000103806894   -9.172978
  22        0.000057123364   -9.770297
  23        0.000031426962   -10.367844
  24        0.000017285964   -10.965616
  25        0.000009505788   -11.563610
  26        0.000005226221   -12.161822
  27        0.000002872750   -12.760241
  28        0.000001578818   -13.358834
  29        0.000000867599   -13.957536
  30        0.000000476780   -14.556210
  31        0.000000262086   -15.154595
  32        0.000000144181   -15.752197
  33        0.000000079453   -16.348103
  34        0.000000043930   -16.940664
  35        0.000000024443   -17.526911
  36        0.000000013758   -18.101677
  37        0.000000007901   -18.656265
  38        0.000000004692   -19.177362
  39        0.000000002936   -19.646381
  40        0.000000001974   -20.043160
  41        0.000000001448   -20.352964
  42        0.000000001161   -20.574034
  43        0.000000001004   -20.719376
  44        0.000000000918   -20.808584
  45        0.000000000872   -20.860713
  46        0.000000000846   -20.890484
  47        0.000000000832   -20.906809
  48        0.000000000825   -20.915779
  49        0.000000000821   -20.920649
  50        0.000000000819   -20.923492
  51        0.000000000817   -20.924969
  52        0.000000000816   -20.926048
  53        0.000000000816   -20.926797
  54        0.000000000816   -20.926518
  55        0.000000000816   -20.926518
  56        0.000000000816   -20.926675
  57        0.000000000816   -20.926762
  58        0.000000000816   -20.927093
  59        0.000000000816   -20.926657
  60        0.000000000816   -20.927040
